58449 19968
59593 20057
60980 20108
61210 21313
60040 19969
61123 21378
63149 19971
62687 21340
60173 20843
61508 20154
63279 20837
58080 20799
59846 21269
59573 20960
58575 20061
61789 20993
62589 20102
57685 20992
57663 21147
59689 20035
58491 21448
61156 19977
58481 24178
61268 20110
62105 20111
63264 24037
62079 22303
58823 22763
58196 25165
61549 19979
58959 23544
63502 22823
62709 19976
58625 19982
61033 19975
58750 19978
60164 23567
63200 21475
62697 23665
57623 24062
59319 21315
60440 20062
60680 24029
63738 20159
62131 20010
57448 22805
58108 20037
58299 20040
63552 21242
62671 20961
58773 20024
58953 21450
60994 24191
60828 20129
60750 38376
62536 20011
60582 20041
61520 20043
57549 23608
61727 24049
63333 24050
63148 24051
60851 24339
59327 23376
59857 21355
63506 20063
62340 22899
61925 20995
59263 39134
58578 20064
57798 21449
60469 39532
59651 20065
57792 20016
58193 29579
60370 24320
60767 20117
59231 22825
62815 22827
60897 20803
60713 26080
63313 20113
63071 19987
63426 19984
59494 25166
59579 33402
62380 26408
61303 20116
59745 25903
60258 21381
60345 19981
58464 29356
61735 22826
63608 21306
63309 21382
58676 27513
59953 21451
59313 23588
60751 21305
59072 36710
62929 24040
58631 29273
58224 23663
59195 25096
63535 27604
60849 20114
62784 20999
58962 29926
59954 27490
61555 23569
60877 26352
57653 26085
61414 20013
60575 36125
63355 20872
59983 20869
62959 27700
58002 35265
58832 21320
63305 29275
62465 25163
58005 27668
62664 27611
58916 22764
63154 21319
62124 22829
60160 38271
61146 20161
57813 20160
59036 29255
57856 20166
59100 21270
62084 20167
61066 24065
61908 20173
58406 20165
63422 26020
61059 29226
63452 21453
63078 20171
62799 29238
58777 20174
59673 20177
58268 20170
58761 20982
63079 20998
57879 20047
62993 20844
63419 20179
63354 26376
58373 27663
58457 21247
63055 27424
57943 39118
61951 20025
63240 21248
62332 20044
62887 21246
63417 20964
62851 20845
62450 25991
63284 20130
60893 26041
60660 28779
59052 20026
59039 26007
61838 24518
59947 35745
61113 35746
60113 25143
61470 35748
57400 20887
57760 35749
59402 24515
57921 23610
61092 24341
60423 19985
57823 24052
58772 23380
60242 38431
58427 21150
57442 20197
57491 20801
60960 20104
57668 37011
61967 21149
59357 21452
63593 20070
57722 24187
60630 29577
58221 21002
62324 26410
60271 26411
59820 31034
61342 20987
63156 25171
61495 24039
57929 27491
59406 25169
63022 21321
57811 25170
62938 21151
57548 25172
63013 21435
63229 29976
57925 19990
59984 33406
58940 21476
63348 33410
60691 26412
57752 26415
62741 21487
57830 19993
58226 24038
59598 21385
61837 30707
62731 21491
61411 24067
61726 22831
57736 25098
59574 40857
58710 24179
57836 28781
60347 36711
61053 19996
62824 21345
62853 21271
58948 21344
63619 20984
63530 21346
63618 19994
59783 26087
60147 24069
57358 24402
63598 26086
57620 30446
58903 19988
57503 21494
60612 30002
58076 30003
59083 21486
61208 30005
58951 21495
59493 30000
62916 30001
58908 21482
60232 21485
58743 21490
57699 22830
62760 20804
59703 21501
61373 21500
62221 21483
63129 21481
58170 21480
59642 21478
61106 21497
61893 20873
61446 30399
57966 20985
62649 22234
60325 22235
61754 29983
62282 30690
59867 22833
59154 20045
59330 31166
63600 19992
58911 20184
62804 20183
57384 20195
63373 20185
61728 20204
60904 20202
58322 30333
63106 20180
60210 20182
60199 26021
62588 29916
61564 20046
59304 19995
59522 20196
61162 29992
57933 29993
60685 21360
58423 23572
57635 20048
61711 21477
57890 21254
62502 20876
60404 21359
60158 29359
62017 22806
63511 22788
60525 20908
60832 40479
62537 21153
61257 21253
61753 39269
58901 20027
62769 24066
62388 31435
60837 20911
61398 29572
58730 38378
59940 20848
62825 21322
63127 27713
61157 27719
60087 22836
60953 27721
62189 23425
62600 31348
61645 23427
58436 35752
63330 20889
60542 35753
60260 31036
63324 35757
57787 35758
57622 24517
59793 35759
59878 35760
58379 27704
57628 21496
58339 23612
61403 27665
59630 24343
63541 24344
60743 20986
63661 36797
60818 22902
58204 22900
59270 21484
58635 21152
62494 30382
62263 36793
58219 23381
62348 21457
59513 22307
62802 23545
60465 21488
60056 30683
60619 32416
62924 27597
62855 24188
62310 19997
61005 37030
61669 24335
61333 36802
63581 21009
62822 25102
60883 21160
63655 25179
59972 23546
60650 21513
60503 25187
59634 32771
59781 25176
63270 32769
63344 24041
60642 22334
58027 25191
63072 25193
57393 25195
60519 22320
57899 22330
59716 25196
63118 32819
60819 33419
57806 20849
62014 33426
62861 20122
58488 33437
63297 26429
63287 26420
60749 26426
60517 26435
60556 36807
62540 33251
61043 21519
61554 20877
60656 21327
62507 35199
59961 21387
63226 21388
57631 25100
63254 22312
62058 30334
58292 26377
61469 23384
63677 32780
60322 39029
61444 21280
58542 22840
62984 22842
60453 28784
62372 36798
63246 21015
61691 27515
63620 25104
57639 22841
59594 22839
62940 36712
61937 37034
58188 23591
60532 21010
63016 36808
60034 27605
61778 33267
57782 27492
59711 36126
61118 24072
58663 23576
59690 23574
60796 21155
57641 20809
62363 24403
61683 26089
60554 21505
63588 21520
60741 21523
57991 34411
62660 26354
57590 22242
59217 21525
62712 21516
61239 21514
62826 21507
61642 22240
61588 21560
63468 21527
59074 21510
60606 23679
60690 23673
59137 23681
58363 24070
60635 22238
61029 23682
57642 21017
63644 21018
57660 32593
58873 32905
63420 24180
62941 26417
63269 20808
59674 20002
59931 24311
60146 33292
61866 31481
62005 36801
60624 20052
58907 36804
62297 20255
61751 20256
58388 20050
58798 20051
63713 20241
59707 20237
58159 20239
57539 20248
61681 33276
60198 20240
58370 24310
60947 20210
59247 20214
62734 20219
63151 20260
59921 20215
57561 20262
60451 20221
58912 21326
60679 20208
63602 20223
63124 20249
57416 20266
63397 33258
59388 20234
58060 34880
58844 21521
63455 20284
62230 21518
62150 34892
63688 33311
60778 20840
60360 20250
62892 26432
60387 21512
58337 20806
63062 20225
59001 20247
57374 29239
62039 20254
58149 21019
57344 32908
61560 32907
61610 26421
61290 26434
60078 21361
58989 26092
57960 26088
60183 26093
62592 36127
59501 21256
58094 21517
58136 21508
60108 22810
61462 20105
58713 33394
62025 22766
63191 20914
61513 22918
61169 20912
62746 24196
59046 24198
59026 20134
58017 21016
59248 40784
59782 20132
57363 34915
59987 27425
58447 20135
59051 20915
58192 20133
57575 20805
61256 22916
63335 38381
60110 38382
60748 38383
62341 32650
57788 24182
59112 20851
61992 31859
61611 28783
59497 24030
62755 27735
59396 27745
58120 27743
60989 27739
58670 27744
63587 27741
62008 27748
60964 24537
61725 20852
60027 23431
58859 23432
57610 23429
57706 23383
59663 23433
58769 35762
61686 35763
58286 20891
58520 35766
62358 35768
59670 35769
60714 35770
59038 35772
59929 20892
63204 35773
61419 35774
62607 35775
57725 35776
61559 23547
61182 37027
60281 36805
60014 23613
62998 23548
62365 24322
60181 24347
60788 23385
61602 38453
60401 38451
60379 25910
58261 38454
61614 38452
59151 38450
58834 22904
58131 22914
57812 22919
61712 22915
62390 22909
62663 22905
63009 22920
58733 25103
61420 32701
60223 35266
61674 27426
58668 20080
61117 32418
63128 39534
62569 32420
59239 39535
59768 32422
57427 32423
63378 32426
58827 39536
62029 32427
59512 24033
61011 23551
60972 24324
58967 40614
57526 29590
62646 29595
58351 24418
62232 36827
62613 25106
58759 21534
62992 36828
60369 36829
62241 38887
62952 36816
60329 25206
59784 25242
62159 22363
62151 25216
59155 22351
62369 25248
60955 25200
58244 25212
58614 25298
60967 25214
63697 25209
58018 22336
62901 25199
62392 36208
59326 25220
59546 36129
61217 27742
62101 22365
60734 25915
61842 36196
58723 25240
61437 25235
61483 25203
61849 25249
57557 25198
60852 25250
58603 23389
59727 22350
61221 22343
57914 25233
60639 25243
58490 25237
60275 22367
60214 22353
57676 25239
59338 22346
57573 25238
60799 25252
61109 22771
57629 24535
59127 22359
60782 25197
62982 22768
62683 25226
59851 25253
61708 25311
63323 21364
63728 25234
63320 21163
60442 33433
59752 33436
57735 33479
63133 33469
62773 33457
59907 33465
57472 33445
58499 33452
62844 33485
60490 33459
63099 20005
61079 33446
59862 33455
62344 21171
59509 20811
62203 33453
59114 33487
63513 26438
63546 26464
62833 26460
62070 26448
61532 26449
60996 26454
57675 26447
58234 26441
57507 24043
59219 26497
57707 26446
62081 26472
62148 27714
61986 29995
63120 21283
59047 26356
59204 26463
58275 21566
61380 35910
63073 20004
62531 37193
63607 20029
63730 21307
62325 36784
59308 21169
63112 21542
59152 36824
62423 23596
62997 27516
59317 26469
57955 36830
60354 36713
60230 27493
58629 21348
59315 22362
58964 32918
58718 26097
63551 30447
62273 21576
63102 26102
62926 21556
58273 21161
58141 21439
58238 37324
57915 21574
63312 21553
61299 21536
59207 21589
59301 22253
60135 26103
60736 22260
62024 21568
61211 21544
58191 36275
61316 37038
60124 30007
58961 22256
57377 21557
57687 20018
57784 21592
61983 21584
62823 21548
61084 21535
60137 21545
63155 21595
60253 21563
61280 21561
62717 21596
62560 21549
58344 21543
62981 37009
58858 21564
62183 22244
58492 21035
57674 21550
57831 23702
62925 23703
60786 24080
61651 36130
57698 38024
62373 38025
60139 29281
63342 21578
61872 25105
62786 20081
61862 21033
60485 31171
63223 31168
58439 31169
59924 27599
59899 20853
61195 20272
63012 20307
63578 20309
61184 20304
58061 20305
60629 20294
63176 20280
61159 20291
61668 20316
57542 20271
61193 20278
59977 20323
62456 20302
61085 20320
61685 20303
57859 20301
57497 20276
62002 36523
59037 30338
57900 20282
58920 20315
57941 22257
57916 36817
58681 24443
59307 24441
57522 36820
60133 20313
60848 24076
57452 22352
59570 35895
60065 22949
63225 21547
57731 37051
58151 23700
61367 32925
62286 32923
60936 32922
58576 32920
61447 32928
58059 40863
59717 30008
57609 20813
59298 29378
62919 29369
58546 29384
59699 35282
62451 21024
62558 26465
59800 24420
63592 21365
57802 28792
62647 23707
61634 21032
61817 36814
58988 39277
60701 39278
61405 31995
60066 35328
57506 20923
62353 29366
61224 20137
58471 20917
58845 24202
63504 24211
57702 24199
59164 30103
58704 21533
60000 24212
63518 36825
58860 20919
62417 24208
58969 24207
57778 36763
58132 24323
60290 20918
61040 24536
62989 38384
57461 38386
59786 38388
60136 38391
62490 21028
58609 20817
63519 28790
60483 28799
58649 28796
60859 24351
60621 27754
60291 27792
62820 27803
61385 27760
62214 27813
62538 27801
62328 27773
57939 27779
62060 27814
57770 27769
59339 27867
62133 27815
61048 27809
62554 27807
62074 27818
60248 27784
61055 27785
63625 27777
61488 24576
61107 24551
63447 24561
59547 24555
58461 23436
61785 23435
60189 23439
59730 29282
59050 31350
57395 31351
59785 28798
58342 33391
58281 35777
58742 21551
62346 35780
57779 34917
59757 21021
61598 31038
63414 31040
58559 35782
58821 35784
62837 35785
61819 32597
58740 35786
60684 35789
57554 35793
62231 21531
63230 28789
63705 21363
60381 23618
57800 23617
62483 23615
58656 23614
58311 36831
58409 23616
58537 25913
58133 24352
59250 24524
63629 38469
62428 38470
63237 38463
58063 38472
58357 38459
57425 38468
60458 22368
60382 22931
61795 22937
61247 22934
58712 22986
63532 22952
62427 22930
61237 21162
59078 24525
62225 21170
59776 30691
57950 40481
63215 32428
58642 39537
57570 32431
62180 32433
60409 32434
57691 32435
57750 39539
62055 32437
60682 32439
58071 32440
60527 32441
61121 32442
61801 39540
61069 32445
58033 22857
63668 29609
58982 29615
63605 27494
62352 38738
58387 36131
59017 29616
57638 29611
61505 34920
63049 35268
61424 25273
59332 21350
60020 22391
58378 22383
59172 25299
61786 25314
60192 25300
60853 22378
57555 25315
59743 22374
62440 25285
60471 22372
61337 25276
58164 25277
57989 25296
62415 25302
60376 32773
58847 25293
61846 39030
61186 25286
59305 25294
57351 25317
61880 25269
60898 25304
63500 21183
60615 25265
59333 25284
59792 22403
62577 25289
62594 25318
61985 24184
63040 25292
58223 25319
57495 25282
63034 25305
62200 25307
60567 22369
59144 25259
61823 25320
60350 25321
60449 25260
62343 25287
58652 25303
61720 20854
63526 21462
62128 33545
60498 33510
57407 26132
62467 33499
61039 33509
57432 33538
61713 33529
62667 33495
62971 33521
58012 33503
57828 33489
61496 33502
57618 33539
61542 30452
63113 33537
63505 33540
62828 33550
59109 33492
62040 33541
62063 26505
58262 26519
63216 26525
58252 26479
59086 26530
63356 26588
58862 26522
58042 26512
62582 26495
57721 26494
61354 26538
58768 26539
60205 26500
63469 26477
62933 26480
61272 36848
61003 26517
57857 20007
63577 25110
60533 30011
63496 21351
59267 20107
58305 21050
62914 26531
59697 38632
59395 21334
63132 37057
59739 30718
58677 30719
61228 30721
62803 21397
61914 22856
59316 22868
60004 22855
63736 22859
62521 24577
59939 27431
61293 27572
59788 22404
59937 22971
63224 36720
57967 39031
62461 36716
58408 26025
61749 36718
60430 36719
61252 21040
62912 38750
61879 21460
59831 27495
57487 32943
59870 40831
57696 20123
59212 21331
62619 34382
59662 34383
59229 32958
58835 36132
59962 23578
63392 26106
61646 20855
63410 21619
63691 26524
61765 26118
58803 22269
58702 21710
57825 21653
59644 26124
59103 21621
58528 30021
61212 26126
61710 26131
58272 21657
60871 26114
60125 36842
61853 20856
57369 22266
58369 24544
60943 21627
58366 21650
59192 21643
62065 21648
60978 21628
57581 40483
63157 21647
61095 21602
58593 21636
58563 21654
63214 23736
57862 23721
61358 24086
62054 32599
63327 24092
60011 24085
58004 23725
57569 20975
63314 36133
59088 36134
63663 36137
58822 36140
62719 36141
60170 36142
58474 22270
63386 38035
57464 21046
62585 30693
60457 36845
58998 27675
62579 22402
57598 29287
60172 29289
60784 20054
61065 21038
58752 31174
59215 21644
58125 23395
60099 22996
58762 31177
60241 20339
59108 20365
60857 23731
57909 20379
63361 20351
59778 20363
60318 20384
58764 20389
57536 29256
58917 20356
59071 20390
63477 20387
60520 20391
60647 20973
58420 20392
59653 20329
57824 36135
62279 20360
63274 20381
61911 21329
62688 30340
62972 36843
62551 36136
58816 27427
62836 24449
60505 24448
60154 29228
59066 24444
61919 24452
61977 25152
59235 33293
63303 37329
60531 21049
59933 21629
58932 32948
57710 26023
57881 29240
59156 37319
61443 35269
57888 21463
61922 20083
57411 36138
58891 24565
61015 36139
61324 24575
62526 32932
59760 32954
58355 32930
62466 32959
59868 32960
59063 26379
61717 32929
62045 32942
61904 32938
62898 32933
57593 26381
57766 32961
60702 21608
59128 26127
62662 40060
60313 20820
58330 29392
58922 24573
58976 29399
61141 29406
61952 22791
61979 39280
60489 39281
63660 39282
61739 21464
60843 20140
61274 20139
61599 24222
60343 24215
60632 22812
61984 24217
57898 24220
63725 24213
63458 30111
62109 30105
63399 30106
58083 21058
58069 21330
60569 37066
58801 24218
62154 24223
60105 20928
57851 30450
58462 25918
61103 21051
61481 32946
62314 27667
61484 38392
58524 38393
59839 37073
61776 21048
57658 21367
61809 21333
59147 28844
60475 28818
59311 28810
60809 28821
58103 28814
58237 28809
57756 27819
58698 27973
61976 27861
58157 27844
60251 27837
57424 27827
58729 27838
59691 27882
57870 27822
60911 27833
59241 27850
60038 27839
60175 27873
58909 27880
63199 27875
60356 27870
59702 27899
61295 27852
61917 27891
61332 27877
60212 27832
58881 27836
59061 27874
61097 27900
61578 27901
62525 27835
61899 24596
57850 24623
58166 24598
59115 24615
62503 24597
63670 24604
59890 24618
58216 24609
63741 23398
62073 23453
57483 23447
57481 23450
60462 23456
59710 23452
62454 23457
63615 23449
62661 23448
62250 31354
60167 24088
58876 23451
62686 23454
61330 35797
63576 37070
58468 35799
57974 32937
57576 25151
62628 35802
58716 34924
58343 34923
57540 35270
60872 31048
63186 35805
63026 35806
59551 35809
59614 35810
60450 35813
63391 35814
61535 24314
57815 32899
62835 24405
59927 38582
59889 24090
62367 23625
61114 23621
58186 23626
59721 21047
57952 23624
58825 24359
60586 24357
63512 24358
62900 25215
63493 23391
57961 38475
63162 38476
60005 23396
58041 38485
61864 38477
63119 20989
61140 38480
62431 22969
57399 22993
63371 22992
63708 22995
60488 22958
59740 22987
58958 22982
59540 36834
61783 39550
59102 21441
60845 21442
58913 33392
63586 32447
62951 32451
62391 32452
62742 32453
60805 32454
59918 39542
62522 32455
61606 39545
62399 32456
59029 39547
58396 32458
63360 39548
61340 32461
57431 32462
63046 32463
61391 36143
59075 22865
58671 36144
59692 22863
60891 26149
57740 24110
57496 29623
63653 29645
62182 29618
58397 29642
60720 29627
62385 27602
58143 22411
61649 25325
58747 25346
58405 23553
60733 25345
60903 25335
58669 25329
62173 39033
59236 22446
57560 25358
62144 22478
61249 25375
59255 25376
63043 25919
62094 36212
62158 36213
63729 25377
63302 25341
62768 21705
63318 25402
62937 25324
58696 22434
59399 25332
58150 25342
63141 25361
63676 22427
62096 25351
62552 22443
62813 25379
58513 25380
59505 25340
63568 25366
58966 25353
57559 25381
61129 25386
60353 25327
61149 26576
57651 29978
62609 33606
60497 33592
61456 38761
60403 33580
61663 33616
57525 24055
60820 24102
60754 33609
63583 33575
60959 33589
62309 33590
63272 33618
63366 33579
58640 33633
57626 33635
62389 33636
62581 33639
60351 25925
61073 32993
63434 33643
57468 33620
61816 21335
58140 33647
62944 26631
60053 26632
60338 26577
59799 26543
62975 26564
59822 26635
58849 30456
59048 26597
58267 26575
58501 26629
61630 26611
63427 26609
60939 26623
63704 26639
63363 26592
58399 26641
59227 21187
62258 35201
62767 26604
58077 21688
61950 23041
60377 27498
59252 30740
60421 30742
60502 21400
57420 21402
61288 30732
60676 30722
60427 27893
59000 30746
58381 30733
58749 38754
58811 32784
58731 32781
61737 29301
59517 40485
58257 27531
63448 27523
57973 36724
59099 36731
61540 40486
59675 30342
62099 38893
57350 32972
59751 25112
61394 28857
59259 34384
60902 20020
59069 35272
60833 31446
60887 30465
63088 21066
60342 23581
59110 26151
63178 30457
63084 26159
61451 30460
57385 30504
58324 21703
60790 21700
58987 21713
59571 26174
58627 20882
58105 26144
63382 26143
62274 26152
61190 21671
61346 26157
59946 30031
62445 36276
63341 32963
57872 36149
62735 30028
59113 34425
61036 34430
62404 34433
58145 24605
61990 34434
58414 34429
62038 21697
58879 21693
61244 39554
57397 21195
58527 21719
62550 21681
62037 21709
62435 21704
58039 21702
62718 21676
59758 21683
62508 21674
58653 21738
59056 21727
61704 28845
57441 23777
59774 32602
58872 36145
57529 36148
57532 36155
58788 39592
59139 24189
58502 38041
60983 38045
62869 38046
62674 38047
62145 38050
57578 38048
60460 38053
60923 38054
58792 38055
59538 38057
57533 38062
62706 21368
62103 32568
63343 25308
60037 30475
57975 30697
61583 27617
58215 27682
59385 24590
61264 29298
60626 36873
57795 36866
59959 31186
58325 39321
60896 31181
61089 31179
59559 31185
62927 37325
60355 22797
61302 31487
60576 27573
58866 20415
59882 20457
62785 36151
58705 39034
58453 20462
58220 20431
61800 20445
58685 20419
57458 20420
60935 20432
62240 20398
62859 20461
63664 20439
62047 20440
58029 20449
61991 30343
58519 27849
61675 39740
63268 20405
57855 31161
58052 20399
59853 36861
58240 20426
62936 30462
59157 24453
61185 24458
62097 34893
60274 24459
58217 24456
60568 39035
62648 21465
61576 21073
58751 36867
59592 39135
60055 30406
59971 32986
62935 32999
61178 32966
63370 32988
62857 32990
61155 32982
63286 33033
63332 32974
60718 21193
59764 29421
59554 29422
63180 29420
61545 29424
62374 29409
62575 29425
58428 29408
59684 36152
59545 24616
61307 24613
58177 39285
57438 39286
58856 34432
59153 39290
57822 39292
60946 23782
63499 24367
62640 23558
60962 22870
61623 21696
59754 20141
61168 20142
58766 24230
61871 36857
57878 24237
62016 30126
58022 30127
62088 30123
62955 30116
63032 21672
62698 23039
58047 20146
62113 38899
58973 24093
60197 26045
58944 38394
62208 38395
59976 38397
60101 38400
62750 38401
61912 24046
60336 20859
60697 32654
59409 23004
60725 21467
61793 36865
63266 31867
59911 36855
59712 31869
57524 23044
57912 21069
57360 39318
58179 36870
60776 20857
62329 24635
59627 28860
62781 28856
60352 28865
62239 28846
63021 28843
60295 28866
61142 21059
60112 27964
61597 27905
60195 27946
60057 27922
61772 26578
62022 27975
59861 27978
61745 27934
63283 27979
62862 27927
63056 27963
61098 27966
60111 27965
58049 26579
63575 27931
57453 27983
62486 27982
59089 27915
62323 27954
58259 27985
57454 27987
60236 27941
59321 24643
61732 24658
62753 24674
57456 24653
60494 24684
62086 24676
59397 24688
59720 24700
59986 24680
59605 20030
60407 35273
59729 23459
62868 23462
58410 23460
63028 23467
59979 23466
61523 31361
61670 31359
58996 31363
58411 23458
59516 35819
57357 20896
61734 35820
59535 35821
58241 25153
58104 34948
61945 31062
58799 31070
59892 31069
60553 31072
61709 35823
61175 35825
60659 35826
57596 35828
62117 35829
59814 22438
60889 36864
60277 26082
62475 23627
62290 26172
61738 23631
62452 23630
60426 36153
60638 38497
57519 36874
60591 30473
61301 23401
63456 38504
58785 38500
57656 38505
60305 38498
57969 23043
57437 23013
58214 23016
58813 23035
58689 23047
60807 23002
60596 23068
63136 24594
58985 26550
62797 36154
60122 30408
58686 21191
58163 24608
61017 30328
61087 34468
60803 26580
61763 22418
63058 32465
63595 32466
61721 32467
58720 32469
57793 39556
59991 32472
62632 32473
61258 32474
63000 39558
62204 32476
58139 32477
58814 32478
60184 39559
63042 32479
61144 32789
63220 32792
62190 32791
57616 32793
58511 33395
58009 27888
60607 31206
60240 29664
58580 29677
58610 32032
61580 21311
59879 34453
61621 39037
58952 30415
59796 21290
62411 25438
62749 26685
60922 25429
62866 22466
62533 25410
61176 25391
57512 36733
58741 36214
58577 36215
62970 30416
58067 25422
62426 25421
59827 25423
58218 22475
57759 25417
60793 25414
58158 25424
57422 25439
59181 34945
59610 25420
57637 37117
62814 21746
59508 36893
63387 25441
57375 25387
61637 25442
60152 25405
60145 25370
58095 28909
62774 24656
59543 25443
62167 22774
58839 25413
62277 22467
62573 25384
59738 32827
63534 32831
61060 32829
58153 32834
58113 24685
61608 33725
57860 33713
57866 33714
60298 33707
59097 33673
57808 33655
58384 33719
60562 26187
59669 24694
62433 33721
61898 33722
62754 30495
58458 26694
60703 26758
60118 26690
62603 26708
59031 26646
62152 26723
59566 26704
59925 26666
63153 26725
58107 26726
62393 26643
58965 26691
61167 26684
59537 26729
57833 26657
57683 26680
61828 26679
61947 26681
60646 32034
57492 21733
58865 36895
60847 36887
58765 26647
62178 36158
58697 37196
61511 37197
60268 32709
58467 36785
62170 21767
59813 22799
60134 30776
60269 30768
59860 30782
60196 30784
60884 30772
58896 21407
63591 22871
62871 36880
62911 28872
60726 27530
58626 27529
61955 39038
62918 36735
57917 36739
63565 39039
60634 27609
57345 33268
58600 26612
62410 26700
58543 34385
61187 30417
58280 32039
57747 20826
58117 36894
61662 26194
59988 30496
57923 26195
60858 21742
63731 21792
62762 40493
60913 26179
61790 21754
61230 26188
59496 21076
61383 26197
62643 34444
58545 30036
60771 34467
61550 34442
60662 34474
61962 34451
63529 21736
58011 21737
58735 22275
61108 21741
59289 21734
60233 24681
63573 40495
62491 21796
62141 21761
63285 21756
61455 21799
63485 21834
58728 21769
62873 21766
61348 32610
57748 23789
60587 23784
61438 23792
57693 22278
60573 23803
61515 36156
63158 36159
62895 36162
61647 36163
60988 38065
62447 38067
59206 38075
60190 38078
57480 38081
59736 38083
60130 38085
62565 32570
58243 27687
58350 27688
59080 29305
63086 29306
59098 36896
62019 20056
63251 25932
63617 31204
60695 31199
57625 31215
60694 31207
61718 31209
57846 31216
62602 31192
62192 36879
63454 31508
62652 31505
58736 31499
61319 20538
59179 20511
58690 20540
62408 20506
62166 20474
61376 20542
63428 20498
57600 20504
60168 20465
63295 20513
63436 20505
62121 36161
61843 20463
59411 20493
63321 20518
62810 20581
57588 33261
60309 23556
59628 36524
59024 24687
58079 20500
61839 24466
60572 24464
63572 27575
63634 33328
60308 33329
60438 33324
58949 33322
59528 36884
58529 25343
63207 32824
58905 29241
58784 33280
58119 29233
60938 35962
61377 35961
59034 39041
60013 39042
61465 32705
63232 33008
61968 33030
63700 33026
60717 33016
58066 33011
61824 33039
62714 33040
59914 33014
63024 33041
60148 33043
62007 36891
61360 29432
60283 29436
58349 21375
59643 36898
59829 40501
58416 30041
60979 40499
59162 30385
62110 39295
63217 39297
57844 20940
62191 20932
62195 24651
58588 26728
57757 27974
61491 34928
57845 34935
58308 39640
58660 37101
57511 24109
63703 20934
59214 24231
59499 30151
57790 30149
60513 30142
61050 25995
61426 30137
59816 30140
63304 30130
60393 33034
63239 25928
58271 31163
63589 32010
60068 21776
62382 29943
61628 36164
57930 20937
62909 31449
62878 21078
62043 31454
60227 37096
59358 26049
63446 26053
57516 30044
62377 38405
60540 32670
62889 32660
63359 29942
60077 25331
61902 31881
60522 26009
61676 30410
63553 20860
60272 28900
57534 28888
62595 28902
59323 28903
59980 28891
62747 28895
59310 28889
62179 36882
62690 28059
60942 27993
62366 28061
63080 28006
58443 37202
59408 28041
58666 28040
58446 28065
59765 28009
59233 28023
62897 28034
57463 28020
58260 28014
61693 28067
59186 28068
58371 27969
58919 28070
63037 28071
58037 28053
57582 28010
58346 28024
60316 28072
63169 28907
58647 28073
59363 28044
61238 24726
62333 24735
57701 24708
59956 24717
60810 24724
63045 24751
57381 24742
61409 23475
58534 23485
60284 23478
63381 23477
61485 23476
61231 23486
58489 31373
61116 31364
60613 23481
63280 23472
62004 26696
62140 35831
62026 26391
61216 35832
63537 35834
62402 35835
57521 25159
60070 35837
57583 34972
62032 34966
60492 34957
57773 34987
59701 31077
59275 35838
60276 20901
61593 35841
62075 35843
59580 20900
58939 35845
60017 35846
61410 35848
62256 35850
60551 21093
57704 24691
60844 23637
62227 21095
60914 23633
57378 24369
61259 38517
62624 31071
62625 38518
62679 38519
60410 38506
61046 23089
58650 23071
59160 24661
57434 23077
57977 23064
59518 36890
58057 33021
62165 38590
63723 39044
62515 26705
57401 32482
57749 32483
62082 39564
58297 32487
60285 39567
63394 29699
63554 29712
58921 29702
61335 29705
61831 29701
60585 25447
63197 22581
57937 25514
61861 25551
59293 22495
63150 25466
58020 25513
59095 25463
59936 25490
58460 28937
58146 25481
57904 25462
63228 36198
61134 22534
63248 25512
61698 22496
62608 25472
62345 25480
58654 25467
63613 25945
60729 25487
59242 25488
57983 25504
60608 25474
58721 22521
60770 25509
57886 25527
62576 25511
62198 25506
58270 25454
59045 25496
63007 25530
60558 32844
59636 22522
57976 32838
57359 21208
59525 32842
59394 23094
58946 33879
60509 33777
58205 21202
60089 40644
60335 33778
61442 33804
57867 33821
62691 33740
62841 33806
60220 33756
61907 33796
58199 33738
62961 33769
62299 33805
62219 33760
61052 33828
62359 33829
60109 20094
58048 33831
60753 33832
59226 33735
61080 26800
60861 24428
61418 26790
58314 23146
61940 26775
63195 26791
62176 26786
63267 26757
60143 26816
62196 26803
58884 26799
58506 26742
61934 26797
57517 25937
60499 26361
61173 21103
63134 31080
61100 37213
58055 37207
58956 21410
58209 25114
59550 30789
60785 30805
59328 22882
62584 30420
59025 29245
63087 32843
60594 34989
60917 30427
60466 21310
61584 38634
62420 36741
57893 36742
57515 39045
58375 34394
58044 24426
60746 38592
59844 22530
57643 24120
60117 30518
59007 21273
63404 26216
60674 30529
63202 30511
58607 30524
59558 24748
63735 37326
60406 21866
60302 21862
57387 26364
61479 26214
57605 26202
58889 21828
61461 21857
58508 36317
62030 36286
61638 21827
60337 36291
60578 30053
57692 34479
61981 34496
57647 34503
63524 21804
58727 32047
59256 37122
59762 21809
61863 24739
62021 21872
57853 21822
61890 21807
57839 21860
63654 21861
61030 21880
61547 23830
58757 23822
62556 23853
59220 36923
60436 23828
58249 24119
62564 23849
60709 23815
62458 23835
62080 23156
62681 22280
62644 38096
59845 38107
62816 38109
59218 38108
57528 38125
57568 38130
60267 38134
58955 30699
58622 29980
62513 31224
62572 26792
57951 29313
60138 31229
57742 31227
57988 31528
60263 31548
59775 31515
59789 31513
63601 31526
59565 31532
59407 25935
62567 20570
58290 34955
62228 24736
57474 20607
61596 20598
62720 20558
59965 20599
62867 24744
59942 21806
59748 20572
60415 20559
60973 36527
63144 20828
62519 20551
60092 34885
59360 24472
57891 24473
61338 24471
59973 34900
59384 30424
62100 33334
58441 33337
63376 33333
63031 26012
59092 30418
61327 40509
59685 25947
62356 24713
58611 27442
62807 24425
58276 39046
61625 33050
60686 33046
58708 33071
60405 35930
57783 33080
57995 33073
60539 35937
57429 22815
60559 36920
62713 29468
58201 29482
61894 29454
57781 29483
61397 20976
59982 29462
58403 29467
61807 31085
63146 39301
58248 39302
60552 20945
62357 20943
58514 27627
62994 28921
59923 24246
59124 40635
57349 24245
62009 30154
61748 30162
62386 30165
61501 24266
59777 24247
59985 24248
59679 40575
62620 30423
62915 31456
63188 31455
63242 21830
58028 26063
63638 26059
58432 26395
60317 29575
58763 38414
57665 38416
63424 30528
62707 32666
60330 30422
61407 30519
60934 31896
61126 31895
63209 31890
61518 26029
60389 21098
63580 20861
61802 28938
61892 28949
57902 28165
59365 28155
58547 40511
58548 28107
62635 28079
60617 28153
63640 28192
58914 28176
62400 28113
61339 28108
57594 28151
58398 28142
62958 28102
60396 28170
59380 28139
59877 28180
58535 28120
57567 28147
61565 28082
58893 28132
57993 28129
59386 28096
63563 28145
58208 28078
61057 28085
59096 23110
59126 26753
62414 28183
59734 24773
63421 24796
60420 24813
60766 24764
58152 24807
63039 24789
62574 24799
62317 24778
63035 24806
60865 24756
61527 24779
63555 24808
60648 24815
63008 23495
57535 23493
58726 23492
58544 23490
62036 23487
62193 31378
61174 31377
60769 23494
59533 35851
62965 35853
61641 35854
58142 35856
63675 34993
62164 31095
58992 31096
61613 35859
63658 35866
60905 35868
60814 36910
61615 25954
60061 23561
58078 23648
61042 24377
62430 38539
61519 22549
57445 38543
62336 34507
61188 38533
63308 38534
57711 38544
61640 23130
62593 23158
60712 23113
62280 39047
61127 39048
59693 32489
61214 32490
60547 32493
57956 39569
59498 32496
58285 32499
62928 32500
57763 32501
62015 32503
58421 32504
58129 32508
61165 32509
57679 32511
57346 32512
63637 24034
63334 29748
57700 29747
61493 29730
60022 29756
58971 26001
62383 26367
62963 25549
60441 27454
60015 22570
61740 22612
62987 25645
62882 22576
58332 25577
63231 36234
57589 36225
61255 36235
62460 36229
59806 25597
62407 22564
57386 25552
61797 21338
62923 25581
60649 21916
59018 24429
63380 25571
63643 25554
59390 25578
61654 25628
63172 29038
61805 25588
62943 25600
58279 35009
59812 25601
60385 25619
62362 25602
63515 25605
59190 22777
63227 25569
57662 25620
59677 25545
59798 26031
59300 26399
59620 27450
59633 32852
63033 33899
60974 25955
58945 24825
59659 33900
62432 21215
58345 33883
58837 33891
59824 33889
58326 25964
57723 33905
61814 33931
61918 33922
62481 33853
58014 38889
57729 26397
57355 36764
60870 33909
58538 26834
63002 26865
57896 26827
59723 26928
61741 26893
57530 26862
62077 28954
62884 26885
58092 26898
60747 26869
61500 26829
58253 26894
61672 26825
58694 26842
63375 26837
57994 26874
59519 27028
61798 26925
59070 24800
61077 24785
62210 36924
60737 31903
62651 26840
58941 37219
57755 37221
57592 21416
57777 21414
58829 30828
59772 30813
58746 30830
58087 30827
58621 38593
58003 27542
62398 35010
62222 38596
61794 39050
57858 38643
60742 26242
57869 38597
61844 32728
59287 36744
62605 24754
62505 32043
58082 20991
57771 36745
63081 25950
59920 26848
62136 36175
63085 25484
60516 26228
57426 30544
61171 26257
61822 26368
60222 26224
63053 37327
58361 40718
58503 21943
59849 21939
58581 26230
58038 21895
62945 36935
62125 21898
61475 36943
60046 26238
59309 26223
57502 30068
61463 36341
63585 36299
62119 36300
59719 36305
63282 36315
60417 36951
61953 34521
61148 34523
62053 34579
60088 34578
60067 34532
60009 21917
57543 40515
59770 21890
60028 21912
61021 21897
59805 21947
60049 21884
58298 21927
59875 23884
63597 24133
57613 24125
57840 36171
59141 36172
61489 36174
59935 36176
57920 36180
61056 40657
62568 38136
62917 38138
57903 38142
63310 38144
58714 38145
61566 38148
58574 38149
62412 38152
57615 38155
60131 38156
62001 38160
62217 29989
60715 25520
58824 30701
63657 26234
58783 27694
63196 27631
60163 27695
62865 40517
58706 21097
62257 31245
57347 31243
63665 31232
57935 31246
62260 31568
58442 31561
59174 31569
61191 31574
62061 31579
57876 31570
62127 31567
61791 31572
62655 31563
61929 31581
63393 20658
57895 20613
59602 29260
62350 22561
61445 38598
61341 28966
61506 20621
63698 20648
60023 30355
63126 30358
61350 31908
58050 22885
63650 34903
62087 24809
61311 24481
61978 24490
60667 33351
60622 33298
59055 36926
62482 30058
60418 37322
62234 31165
62539 33098
61309 33086
62548 33099
61431 33108
62322 33109
58101 40065
61999 29481
63442 29484
60564 29502
62726 29492
61870 24811
62874 28982
60995 39304
58295 39307
63678 35013
59515 34542
61684 23601
62729 25958
63098 25996
58931 30168
62018 30178
58665 30186
60107 30171
59549 31461
61467 31459
62067 38420
60120 21892
59858 32724
59058 32673
60439 26222
58352 31914
62535 23562
60806 22880
60822 36947
61072 36930
63299 26366
62806 28976
59064 28207
60918 28382
59012 28246
60362 28248
62306 28195
60371 28196
62739 28218
62223 28287
59294 28201
59033 28212
58831 28291
59337 28293
60727 28369
63301 28227
57829 28189
60583 28286
60991 28193
59652 28216
60235 28363
63092 28210
57394 28297
58560 24868
63219 24908
59902 24816
58372 24853
59134 24867
59502 24822
60339 24871
60244 24841
60683 24936
63510 21106
59880 23506
58265 23500
61090 23507
63059 31388
57354 31389
59171 31382
58902 31383
63686 31384
63538 36941
62455 38599
61860 35029
59608 35044
57807 35033
62999 31109
63467 31108
61028 35874
62438 35875
58923 35876
62541 35878
60069 29312
59995 23646
58168 23649
60315 24378
63732 31909
60927 30095
63205 38548
62737 38553
59575 38552
63036 23186
60001 32110
58592 23234
59553 23194
62453 23167
63631 30331
59299 32517
58719 32518
62469 32521
60931 32526
61784 32531
58790 32532
59023 32533
63289 39575
58776 32534
61286 39578
58089 32536
60129 29791
63171 40521
59008 29790
60968 29808
62996 29785
61561 39746
61223 32902
59225 25668
58767 25720
59646 22635
61362 25615
62135 22604
57669 40723
60300 25670
58312 25658
60842 25644
58943 25671
58775 25630
61248 22616
63083 25674
63523 32856
61439 26015
60397 33948
58630 21220
58347 38772
57488 38774
59713 40522
58695 34013
61586 22675
63401 24149
58454 34028
61706 33988
58318 33970
58880 33993
58525 33945
62298 33976
59944 29486
58043 26943
58897 31105
60956 26970
59004 26999
61744 27012
62220 24819
61665 27088
61703 27014
60892 27004
61782 27010
62368 36182
57737 37226
57854 37228
60873 24863
59895 30861
61671 30872
60721 30865
58444 30862
60574 30896
59200 30871
63429 30860
59230 23604
57465 38647
63628 38646
59346 38654
59105 38649
59243 36752
57762 36753
61848 36755
58781 30563
58986 39057
57938 40836
61002 37492
63025 30555
62743 30585
61101 30566
58851 30596
60633 30571
58711 30561
63076 30572
63559 21980
60215 37145
61512 21990
62638 24858
58084 26262
58242 30431
57380 27463
59042 26263
61590 26247
63023 29031
61539 30072
59211 36328
63667 36343
60961 36339
60006 36346
63490 36330
57957 36335
59273 36324
61023 36319
62255 36963
60593 34568
61432 34583
61677 34558
60970 34562
62252 34581
63357 21957
63549 21985
58169 21971
57948 32626
60653 32622
60738 32618
60700 32617
61382 34560
58796 24140
63300 38169
58539 38170
57918 38177
59654 38179
60672 38180
62092 38181
57541 38182
61122 38190
62518 38191
62512 38192
63516 30702
61296 36766
61758 31258
60930 31264
59787 39059
58667 24833
57758 31609
63138 31614
60937 31616
62832 31607
62443 27585
58114 33285
62968 40736
62932 20652
62724 20667
62003 20687
59908 36530
60969 39745
62995 34905
61120 24494
61136 24840
59964 36965
61454 33147
59345 33136
61695 33125
58960 33134
58878 33145
58848 33146
60966 40527
61771 33150
59837 33151
60121 40077
57552 29503
58760 39062
61062 35302
61038 35299
57785 29022
60957 38607
62387 39309
61657 39311
61285 37233
59129 31104
61413 30201
58587 24275
62269 30196
58770 30192
57484 24265
60856 38742
62138 26032
57640 38901
58509 24847
62237 35466
61841 31918
59019 25968
61852 29006
59619 22609
63396 24904
61241 29028
63367 29004
61032 28385
63139 28448
58938 28359
57717 28304
62259 28388
61070 28389
60637 28372
61507 28330
63403 28316
58480 28435
60058 28378
63599 28322
61944 28335
62846 28392
58980 28342
60992 28346
63069 31921
63409 28393
63292 24910
62083 35465
60975 22622
61980 23518
59732 31397
58431 31391
59138 23517
57365 35880
58112 35074
62071 35064
61315 31119
59526 35884
58569 32676
58469 27583
63684 36767
58389 38556
62906 23219
63117 23241
62436 23244
63659 23233
61124 21472
61964 32538
60631 32541
60211 32544
57827 32548
59641 21119
59604 38745
60346 30887
62711 29827
63253 36184
62337 29100
61825 22681
61572 22687
62787 22025
61450 25703
58583 36203
63488 25130
59165 35475
61459 22659
62464 25688
59185 25684
59996 25735
58440 32858
57670 24917
63683 26286
59635 25721
59404 34067
62543 34065
59292 34081
58251 34071
62156 34109
61973 34108
61932 29081
62612 34074
63648 20834
60550 27169
63626 27099
60491 27060
61994 27036
63742 27048
63413 27029
63353 27468
57677 36973
60216 37237
60259 37239
58887 37247
59240 37240
63441 30879
62492 30897
60933 30899
59951 30913
62890 24895
62847 38656
58885 36758
61351 36759
60688 38604
60555 35059
62658 39063
61936 30597
59817 22661
63152 22013
58283 36362
58561 34619
61206 34593
60705 34631
60530 34584
63444 34633
62669 22043
62303 22016
61408 36186
58828 38201
62116 38203
59539 38208
63068 33310
62416 33300
58187 31283
61386 29071
60545 31637
59838 31639
57708 31657
58639 31649
63707 31659
61081 33286
57494 20698
57566 20711
57992 40763
62934 39748
58579 39749
63405 35980
60689 33180
59122 33162
63611 33152
63388 40092
60035 30097
59664 23413
63075 39314
61227 35065
58819 25970
61102 35946
60254 33167
62354 36974
59975 33104
58000 30249
61803 30239
60663 30246
62673 36771
62463 24432
61378 31469
57586 31471
59221 26071
61093 31934
60508 31929
62010 27465
59865 24330
63443 29060
61659 29076
63063 29053
57744 28487
63111 28422
58329 28465
62421 28418
60332 28459
61177 28404
58810 28478
61624 28436
59350 28431
58638 24930
63470 24951
61388 23528
63029 36187
59093 23521
59060 23519
61300 34588
61343 23525
58040 35885
63647 32903
58202 35088
62478 35114
58081 35889
58418 38567
57926 23273
61551 32736
61813 29066
57476 20979
60324 39585
58684 32553
62476 24935
61018 25781
57971 25749
57606 25746
59905 25769
59232 36259
58620 36255
63520 25745
61553 25774
57686 25772
62293 25773
63459 25810
57949 22697
58734 25758
58683 25764
63423 22686
62666 25776
57906 32874
62591 38795
61901 38797
62641 34121
58448 34122
59140 34092
58497 34164
58994 27178
63710 27133
61232 27185
57391 27233
63408 27167
63097 27204
63402 25975
58229 35916
62964 39128
60289 37259
61811 37255
62405 37257
57694 30933
63622 30922
60394 30917
60310 30910
59847 38663
62137 38660
61975 38665
60580 30610
60062 39064
58456 26292
59392 30606
62326 22075
59410 22070
63218 22066
58838 22073
60836 24433
60731 36386
58102 36367
58245 36393
59801 36394
61490 34678
59101 34676
57501 34656
58207 34638
59872 34636
58950 34647
59182 34649
60592 22079
62903 22065
57509 24162
61429 22696
61820 38215
62229 38224
63065 38225
57972 38752
58393 31293
60557 31291
63257 40654
61769 31295
60171 31292
60392 31665
59917 31699
60668 31661
63489 31687
61617 20725
61329 36538
58632 20731
59351 24503
61284 33368
57471 33181
59749 33179
62621 40100
61374 40107
61482 29087
60563 25705
57579 35090
60604 30250
62334 30244
63212 30251
60929 20955
62947 39068
63509 27589
59504 31946
59016 36981
60765 24971
61963 28508
57644 28558
57985 28526
60670 28525
58755 40104
59850 28595
62656 28504
62048 28552
57987 28572
61903 28548
61733 25026
59238 24980
61390 25034
59797 24974
59106 39069
60875 32745
58868 35109
63108 35892
57688 40548
63471 25000
57963 24944
62307 21128
58476 23653
61111 35947
61368 32557
63460 25788
61650 25794
57767 25805
63390 25797
61609 29141
63449 34174
62172 34223
63247 34203
63672 34183
61777 25806
63273 34218
57473 34180
61322 39072
62349 32752
60114 22121
60652 27249
61974 27225
58160 27224
60722 25972
61579 34701
63143 29922
61313 37266
62291 38669
62702 38670
61847 36761
61533 20864
60414 39184
61384 22068
58287 36401
63384 36420
59855 36418
62202 34758
61541 34691
61013 22120
62910 22122
62115 40550
57826 36192
59213 40664
62776 40660
59393 38236
58479 36190
61510 31302
63288 31726
60287 31713
60174 31735
63662 31729
58522 20754
61692 36992
60180 34913
62118 33192
59133 38613
63319 40120
58526 30952
61736 30270
63482 30264
57871 20957
63142 36776
59842 36777
63089 31961
62238 31958
62571 31957
58737 29123
60282 28626
57837 28577
59291 28608
59750 25042
63556 25022
62562 25032
57413 31423
62160 22721
58633 36991
60963 32560
57809 32564
61294 25140
61068 25830
63560 34249
58434 38816
62877 34255
58678 34256
60708 27308
62795 27280
57547 27264
57761 30977
62089 30967
61556 38684
59196 38686
57838 30637
61514 30631
57892 30636
58557 30643
60627 30633
62509 30634
63681 26329
61528 36427
58455 36424
62394 34746
60673 34763
62034 34752
63542 22158
63233 36193
63290 31319
62772 39759
59681 31783
57769 31751
59864 32321
58470 24509
62495 29237
60104 26406
57882 33226
59590 40132
60293 30284
58745 36779
61477 36194
59362 31967
57905 31968
61393 29157
60484 25062
61242 35905
62169 33216
58433 33218
62561 32764
59530 39588
63362 34261
59167 38829
62112 34276
58571 35206
60452 30651
60380 36454
57682 22179
59104 38256
62789 32763
58972 40141
59344 40560
62267 28689
60740 35167
63041 29863
59295 25139
61009 23421
60464 35686
57398 34321
57489 34299
62211 25856
62489 26333
61673 36466
58979 36461
61666 36460
59261 24005
59006 31800
61045 31807
57513 34809
59177 39076
63651 38753
58496 30307
57607 29923
62703 32697
62216 40150
57714 29190
57379 30086
60042 39699
61655 22756
63702 39336
57661 32768
62106 36481
59901 34837
63570 22204
60863 22199
63712 24013
61194 31821
60102 40158
59068 39764
57649 31983
58178 28748
63255 35692
61199 34850
59302 38712
60250 38706
62376 38713
58198 36495
60361 40687
61696 39635
58518 36195
63472 22218
58915 38262
60411 29924
59688 32592
60620 30679
